9.164214901428114019e-05 4.762578209966707443e-01 1.398578430795453440e-04 1.976014407323762612e+01 -4.628883490973697502e-07
2.886727693949855652e-04 1.499985976363271023e+00 4.150643369094274976e-03 9.942980440917332885e+01 -8.097799900086297088e-05
5.152579828327955936e-04 2.675875441554463219e+00 3.333694622801148394e-02 2.485878251536954622e+02 -2.078536919628893621e-03
7.758309782862771046e-04 4.014851692866531430e+00 1.444447995010217922e-01 4.733776349842785862e+02 -1.992553360797236564e-02
1.075489923057780821e-03 5.480273489784547536e+00 4.264895638699319202e-01 7.809286959415067031e+02 -9.620313248241688098e-02
1.420097709545009926e-03 6.942460617835404690e+00 9.049079691616164212e-01 1.080273064179765925e+03 -2.600593460401922075e-01
1.816396664005323451e-03 8.256722105855754279e+00 1.444480292147019007e+00 1.211736643719551239e+03 -4.521876124030155819e-01
2.272140461634684222e-03 9.377654766382383045e+00 1.904164949157873821e+00 1.164703258662177177e+03 -6.057268422871365798e-01
2.796245828908448978e-03 1.033133664935869511e+01 2.249715636422760401e+00 1.030011223948963107e+03 -7.121358396967255588e-01
3.398967001273278492e-03 1.115680288256148422e+01 2.500063533931679238e+00 8.760937557776609310e+02 -7.846213478451057322e-01
4.092096349492832172e-03 1.188616209344858277e+01 2.681298326812949107e+00 7.331153391060297508e+02 -8.349844347514370213e-01
4.889195099945320075e-03 1.254290436765550965e+01 2.814007882420566098e+00 6.101902209764318741e+02 -8.708772555570475360e-01
5.805858662965679429e-03 1.314389007152810507e+01 2.912532461419619967e+00 5.077878297102828355e+02 -8.970386484544430328e-01
6.860021760439092772e-03 1.370133284418802333e+01 2.986555392040249224e+00 4.234953085406452828e+02 -9.164384201852426859e-01
8.072309322533520459e-03 1.422423650553395902e+01 3.042614900283009405e+00 3.543088067193378379e+02 -9.309850753004107471e-01
9.466440018942109610e-03 1.471936726924204208e+01 3.085173017714281762e+00 2.974388459916853549e+02 -9.419374280777306208e-01
1.106969031981198774e-02 1.519190511965902957e+01 3.117315355907365415e+00 2.505312031893360540e+02 -9.501448957669271778e-01
1.291342816581234586e-02 1.564588434645180293e+01 3.141200668842375698e+00 2.116747549432347739e+02 -9.561907895858335893e-01
1.503372668871276116e-02 1.608449631907608790e+01 3.158350334199959253e+00 1.793424018427775763e+02 -9.604799467513229771e-01
1.747206999004823763e-02 1.651030137557871313e+01 3.169836705946668332e+00 1.523198460880628033e+02 -9.632936498177542273e-01
2.027616478658402985e-02 1.692537980995195213e+01 3.176407237552408169e+00 1.296408709402597310e+02 -9.648247898947857060e-01
2.350087380260019315e-02 1.733144132185960729e+01 3.178567256115026218e+00 1.105339133866864927e+02 -9.652007614420512471e-01
2.720928917101878702e-02 1.772990561213523364e+01 3.176635643656638308e+00 9.437974097859523681e+01 -9.644985219502619778e-01
3.147396684470016304e-02 1.812196256012900264e+01 3.170782406361737138e+00 8.067853477306900345e+01 -9.627545025289544478e-01
3.637834616943375066e-02 1.850861767644646605e+01 3.161053864959408877e+00 6.902446919792308222e+01 -9.599710305502253682e-01
4.201838239287736254e-02 1.889072672113543661e+01 3.147389176476956596e+00 5.908610213639517639e+01 -9.561203091430977574e-01
4.850442404983753425e-02 1.926902216633868292e+01 3.129630619571142969e+00 5.059121151956122731e+01 -9.511466183266532592e-01
5.596337195534172027e-02 1.964413334850394932e+01 3.107529256928066808e+00 4.331501949247608962e+01 -9.449671622989490594e-01
6.454116204667152690e-02 2.001660156173733895e+01 3.080747058276242178e+00 3.707099767547662594e+01 -9.374718313886266641e-01
7.440562065170081008e-02 2.038689090116561431e+01 3.048856224829137762e+00 3.170364466299499639e+01 -9.285220428403597737e-01
8.574974804748450308e-02 2.075539531127474646e+01 3.011336241668381764e+00 2.708277743042604513e+01 -9.179487523671071569e-01
9.879549455263572644e-02 2.112244198232071213e+01 2.967569068581785707e+00 2.309899150016883596e+01 -9.055496762244470421e-01
1.137981030335596389e-01 2.148829092748126612e+01 2.916832854752811066e+00 1.966002940883291572e+01 -8.910857238439814365e-01
1.310511027866221312e-01 2.185313022236880798e+01 2.858294644362797232e+00 1.668786043018084086e+01 -8.742766088320881313e-01
1.508920525026439807e-01 2.221706594481772967e+01 2.791002776046889622e+00 1.411632224000109304e+01 -8.547955779280307365e-01
1.737091446760691549e-01 2.258010524269572983e+01 2.713880167908672369e+00 1.188921152358475908e+01 -8.322631705553961146e-01
1.999488006755080760e-01 2.294213006609885497e+01 2.625720611764791546e+00 9.958738673041731104e+00 -8.062398929935319369e-01
2.301244050748628145e-01 2.330285773741176314e+01 2.525191938069139663e+00 8.284284216903222031e+00 -7.762176565352818525e-01
2.648263501341207582e-01 2.366178236597897211e+01 2.410853153790923908e+00 6.831413466680548829e+00 -7.416097791733400335e-01
3.047335869522674323e-01 2.401808753212997871e+01 2.281198765126029926e+00 5.571122643343934477e+00 -7.017392631297291183e-01
3.506269092931361131e-01 2.437051447705959362e+01 2.134755216345384010e+00 4.479305546972806695e+00 -6.558248771287763512e-01
4.034042299851350322e-01 2.471715876304713078e+01 1.970277370744354162e+00 3.536444709328781411e+00 -6.029641322469052600e-01
4.640981487809338613e-01 2.505514646308115445e+01 1.787139349350439055e+00 2.727542552624776739e+00 -5.421111161666711808e-01
5.338961553961024675e-01 2.538009497829022365e+01 1.586110723703843206e+00 2.042309040869762615e+00 -4.720444247857080167e-01
6.141638630035464175e-01 2.568515903667744738e+01 1.370917030783656898e+00 1.475599468774163814e+00 -3.913165701770177085e-01
7.064717267521067878e-01 2.595921142781622848e+01 1.151430571474639786e+00 1.028051697856682711e+00 -2.981997539918783136e-01
8.126257700629513359e-01 2.618315724433761105e+01 9.501179370144272607e-01 7.069619709421053333e-01 -1.909139340184010381e-01
9.347029198704224218e-01 2.632301148976254268e+01 8.128268392024207145e-01 5.285489787218599078e-01 -6.661352714215687532e-02
1.065297080129577578e+00 2.632301148976254268e+01 8.128268392024232680e-01 5.285489787218624613e-01 6.661352714216020598e-02
1.187374229937048664e+00 2.618315724433760394e+01 9.501179370144319236e-01 7.069619709421102183e-01 1.909139340184114741e-01
1.293528273247893212e+00 2.595921142781621427e+01 1.151430571474643116e+00 1.028051697856686264e+00 2.981997539918776474e-01
1.385836136996453583e+00 2.568515903667743316e+01 1.370917030783662227e+00 1.475599468774171141e+00 3.913165701770126015e-01
1.466103844603897421e+00 2.538009497829021299e+01 1.586110723703841208e+00 2.042309040869755954e+00 4.720444247857055187e-01
1.535901851219066305e+00 2.505514646308115090e+01 1.787139349350433726e+00 2.727542552624762973e+00 5.421111161666705147e-01
1.596595770014864968e+00 2.471715876304712367e+01 1.970277370744345724e+00 3.536444709328760094e+00 6.029641322469038167e-01
1.649373090706863998e+00 2.437051447705958651e+01 2.134755216345378681e+00 4.479305546972794261e+00 6.558248771287852330e-01
1.695266413047732623e+00 2.401808753212996805e+01 2.281198765126028150e+00 5.571122643343933589e+00 7.017392631297233452e-01
1.735173649865879186e+00 2.366178236597896856e+01 2.410853153790927017e+00 6.831413466680568369e+00 7.416097791733353706e-01
1.769875594925137019e+00 2.330285773741175603e+01 2.525191938069141440e+00 8.284284216903236242e+00 7.762176565352775226e-01
1.800051199324491868e+00 2.294213006609884786e+01 2.625720611764794210e+00 9.958738673041754197e+00 8.062398929935353786e-01
1.826290855323930984e+00 2.258010524269571562e+01 2.713880167908679031e+00 1.188921152358481947e+01 8.322631705554049963e-01
1.849107947497356186e+00 2.221706594481771191e+01 2.791002776046891398e+00 1.411632224000112323e+01 8.547955779280274058e-01
1.868948897213377869e+00 2.185313022236879377e+01 2.858294644362798120e+00 1.668786043018085508e+01 8.742766088320681472e-01
1.886201896966440472e+00 2.148829092748125902e+01 2.916832854752813287e+00 1.966002940883291927e+01 8.910857238439872097e-01
1.901204505447364079e+00 2.112244198232070147e+01 2.967569068581793257e+00 2.309899150016889280e+01 9.055496762244492626e-01
1.914250251952515525e+00 2.075539531127473225e+01 3.011336241668385760e+00 2.708277743042610197e+01 9.179487523671175930e-01
1.925594379348299245e+00 2.038689090116559299e+01 3.048856224829136874e+00 3.170364466299501061e+01 9.285220428403464510e-01
1.935458837953328626e+00 2.001660156173732474e+01 3.080747058276240402e+00 3.707099767547663305e+01 9.374718313886311050e-01
1.944036628044658155e+00 1.964413334850393866e+01 3.107529256928069472e+00 4.331501949247617489e+01 9.449671622989493924e-01
1.951495575950162431e+00 1.926902216633867226e+01 3.129630619571145633e+00 5.059121151956126994e+01 9.511466183266699126e-01
1.957981617607122526e+00 1.889072672113541529e+01 3.147389176476949935e+00 5.908610213639506270e+01 9.561203091430917622e-01
1.963621653830566416e+00 1.850861767644644118e+01 3.161053864959398663e+00 6.902446919792281221e+01 9.599710305502201502e-01
1.968526033155299837e+00 1.812196256012898488e+01 3.170782406361740691e+00 8.067853477306904608e+01 9.627545025289556690e-01
1.972790710828981275e+00 1.772990561213520877e+01 3.176635643656652519e+00 9.437974097859583367e+01 9.644985219503016127e-01
1.976499126197399647e+00 1.733144132185958242e+01 3.178567256115042650e+00 1.105339133866873595e+02 9.652007614420572423e-01
1.979723835213415883e+00 1.692537980995193081e+01 3.176407237552406837e+00 1.296408709402592763e+02 9.648247898947437395e-01
1.982527930009951866e+00 1.651030137557868471e+01 3.169836705946676769e+00 1.523198460880634855e+02 9.632936498177875340e-01
1.984966273311287166e+00 1.608449631907605237e+01 3.158350334199961917e+00 1.793424018427787132e+02 9.604799467513259748e-01
1.987086571834187687e+00 1.564588434645176562e+01 3.141200668842362820e+00 2.116747549432348592e+02 9.561907895858161588e-01
1.988930309680188024e+00 1.519190511965899049e+01 3.117315355907344543e+00 2.505312031893355709e+02 9.501448957669302864e-01
1.990533559981057854e+00 1.471936726924201189e+01 3.085173017714251564e+00 2.974388459916825695e+02 9.419374280777916830e-01
1.991927690677466334e+00 1.422423650553391283e+01 3.042614900282915258e+00 3.543088067193251050e+02 9.309850753002749668e-01
1.993139978239561128e+00 1.370133284418795405e+01 2.986555392040151968e+00 4.234953085406341415e+02 9.164384201852534551e-01
1.994194141337034321e+00 1.314389007152803046e+01 2.912532461419563123e+00 5.077878297102823240e+02 8.970386484544153882e-01
1.995110804900054768e+00 1.254290436765544570e+01 2.814007882420530571e+00 6.101902209764344889e+02 8.708772555570630791e-01
1.995907903650507187e+00 1.188616209344848329e+01 2.681298326812955324e+00 7.331153391060562399e+02 8.349844347514773224e-01
1.996601032998726710e+00 1.115680288256138475e+01 2.500063533931659698e+00 8.760937557776808262e+02 7.846213478449590717e-01
1.997203754171091639e+00 1.033133664935867024e+01 2.249715636422987775e+00 1.030011223949111809e+03 7.121358396968954230e-01
1.997727859538365180e+00 9.377654766382386597e+00 1.904164949158294817e+00 1.164703258662516873e+03 6.057268422872745806e-01
1.998183603335994540e+00 8.256722105855846650e+00 1.444480292147433342e+00 1.211736643719915037e+03 4.521876124031269928e-01
1.998579902290454902e+00 6.942460617835314984e+00 9.049079691618194810e-01 1.080273064180055599e+03 2.600593460402449986e-01
1.998924510076942163e+00 5.480273489784288188e+00 4.264895638698948388e-01 7.809286959414682769e+02 9.620313248236465886e-02
1.999224169021713848e+00 4.014851692866437283e+00 1.444447995010371966e-01 4.733776349844062565e+02 1.992553360797437445e-02
1.999484742017167083e+00 2.675875441554508960e+00 3.333694622801043617e-02 2.485878251536842072e+02 2.078536919629145590e-03
1.999711327230605074e+00 1.499985976362958162e+00 4.150643369091333752e-03 9.942980440914841722e+01 8.097799900084425484e-05
1.999908357850985752e+00 4.762578209964980491e-01 1.398578430794151855e-04 1.976014407323346944e+01 4.628883490973680561e-07
